# 100 100
00000010100000000000100101000000110000010001110000100000010000000010000000001101100101100101010000001111011101000101000100001000001001101110000001001101000001000100000000000110110100101000000100001110
01110001011100111110010000010110000011001100001111011011101011101001111111110010001010001010101111000000100000001010110000010011110100010000010010100010101110110011011111101001001011010111100011100000
10001100000011000001001010101001001100100010000000000100000100010100000000000000010000010000000000110000000010110000001011100100000010000001101100010000010000001000100000010000000000000000011000010001
00010000111000000100101000000011110011000010111001010001001010100001110000000000100001001000100001000010000001000001000000000100110000000000000100000000000001011000001110000000000110011000100000010010
01101110000110111011000010001000001100011101000000101100110100011000001000110101011000110000011110010101100100101110011111110011001111111111101011010110111000000110010001001111110000100011011100000001
10000001000001000000010101110100000000100000000110000010000001000110000111001010000110000111000000101000011010010000100000001000000000000000010000101001000110100001100000110000001001000100000011101100
10111001011111111110111100010100111111111110001100101110100010011011011111111111110101101111010111111111000110111110100101010000101111110000100100110110110000100110100010110010100010110100101000011010
01000110100000000001000011101011000000000001110010010001011101100000100000000000001010010000100000000000101001000001010010101111000000001110011011001000001111011001010101001101011101000011010110100101
00000000000000000000000000000000000000000000000001000000000000000100000000000000000000000000001000000000010000000000001000000000010000000001000000000001000000000000001000000000000000001000000001000000
10011110101111111001110111101010000111010101110010100100111110111101100000010111000111101110111111101011101001110011111010100100000001010111110101100010010101101001000111011111101001110010111100100011
00100001010000000100001000010101111000101010000101011011000001000000011111101000111000010000000000010100010110001100000100001011011010001000001010001101101010010010101000100000010110001001000001011100
01000000000000000010000000000000000000000000001000000000000000000010000000000000000000000001000000000000000000000000000001010000100100100000000000010000000000000100010000000000000000000100000010000000
00111101001001101001111101111110101011101110001011111100100110100100010111001111101100001101000010011011111010111111111101011011100011111111110101000001010101011111101010011101101111101010100111110111
11000010110110010110000010000001010100010000110100000001011000011011101000010000010011110000101101100100000101000000000010100000011100000000001010111100101010100000010101000010010000010100011000001000
00000000000000000000000000000000000000000001000000000010000001000000000000100000000000000010010000000000000000000000000000000100000000000000000000000010000000000000000000100000000000000001000000000000
11011111111101110110111111111111011111111111111111101111100111111101111100101111111111111111101111111111101110111110011111111111111111011111111111111110111111111101101111111111101111111111111111111111
00100000000010001001000000000000100000000000000000010000011000000010000011010000000000000000010000000000010001000001100000000000000000100000000000000001000000000010010000000000010000000000000000000000
00000000000000000000000000000000000000000000000000000000000000000000000000000000000000000000000000000000000000000000000000000000000000000000000000000000000000000000000000000000000000000000000000000000
01010100001000010000110001001100001000001000010010110110010010100001100001110100001011000101010110000111100001111101011110110101010000001010100101000011101010000000101110001011111010101000110010011000
10101011000101101101000110110011100111010001100001001001101001011010011110001011110100100010101001011000001110000010100001000000101011110100011010101000010101111001010000110100000000010111000001100111
00000000110010000010001000000000010000100110001100000000000100000100000000000000000000011000000000100000010000000000000000001010000100000001000000010100000000000110000001000000000101000000001100000000
01010100000000011001000110000001011000101000100000011010100100011001000111011010010000101000001010100000100100100100101110000011001010011110101010010001000100011000010010001000001100000011111110001011
10001011100111100110111001111000100111010111010111100101011001100000111000100101001101010111010100011111010011011010010000101100100101100001000101101110101011100111100100100111110011110100000001110100
00100000011000000000000000000110000000000000001000000000000010000110000000000000100010000000100001000000001000000001000001010000010000000000010000000000010000000000001001010000000000001000000000000000
11111111111100011110111011111101011001110111110100111111100011010101110011010111011101111110011000111110101111001111110011101111011100110110111101011010000100011100010011001101011111101000111111101101
00000000000010100001000100000010100100001000001011000000011100101010001100101000100010000001100111000001010000110000001100010000100011001001000010100101011011100001001100110010000000010111000000010010
00000000000001000000000000000000000010000000000000000000000000000000000000000000000000000000000000000000000000000000000000000000000000000000000000000000100000000010100000000000100000000000000000000000
11111111111100011110111011101101011001110111110100111011100011010101110011010111011101111110011000111010011001111111001010111111101010010110011110110101111111110111110001101011011001110101010101001010
00000000000011100001000100000010100110000000001011000000011100101010001100101000100010000001100111000101100110000000110001000000010101101001100000001010000000001000001110010100100010000010101010110100
00000000000000000000000000010000000000001000000000000100000000000000000000000000000000000000000000000000000000000000000100000000000000000000000001000000000000000000000000000000000100001000000000000001
